
Ітерація: 0
Здоров'я кожного кажана в популяції: 
9.738637782083202
1124.4983091805536
43606.92651795489
41.872705312782884
51.16699781633597
38543.539332810105
67781.10490061685
719.0250056927479
4673.300815318013
13731.487511873116
6315.252479577462
48904.375792400235
4519.424685357079
7.5035496749790696
23681.7510259203
29928.633076007434
0.6992146441529234
7.2039791478577895
106.27234775562793
23327.77107659722
17634.44937397827
1487.612624181467
685.464658054874
10.675979294724206
2636.9595314153557
11.856905505095574
2413.657489548724
76.0002795363799
1430.606408230715
21.85320640895458
1.3134645026567076
53990.08647748929
5684.87031093788
5760.694184623545
50836.321132964804
0.43737331028697984
21253.573642447933
87452.02657890324
1236.4042236764687
30177.766253199403
Середнє здоров'я популяції: 14747.104451491246
Кращий кажан: [0.60484584701972977, 0.31280770518101353]
Краще значення Фітнес-функції: 0.43737331028697984
Евклідова відстань: 0.792704266846

Ітерація: 100
Здоров'я кожного кажана в популяції: 
0.04283268792334359
0.03107743412910667
0.04156871382702535
0.22486619895006799
0.10978537987865669
2.256005026690823
0.023109522766280248
0.001919341017095739
0.016426286616853636
0.45790985772509996
0.04199765746759246
0.1506123303053577
0.03478189790950443
0.12147160049690221
0.43768895602979496
0.2933289179458299
0.11068658809380424
0.3414038494861126
0.20263465526161836
0.005289934603369614
0.04968474327116498
0.37708035345181357
0.08462204497310663
0.06655161364705452
0.1619582407516034
0.029638649841587345
0.06887687931219509
0.0664024258544334
0.025796717288507628
0.08012827192231047
0.0010977366770613126
0.02583027025695813
0.058171399311179456
0.04482956803492111
0.6193044954184006
0.16095234985173218
0.22247161990334338
0.016106849530135248
0.0716949160155359
0.11695466613043168
Середнє здоров'я популяції: 0.18233876621419287
Кращий кажан: [1.0235064536551108, 1.0476678646341466]
Краще значення Фітнес-функції: 0.0005536020205521773
Евклідова відстань: 0.0531486470403

Ітерація: 200
Здоров'я кожного кажана в популяції: 
0.04283268792334359
0.03107743412910667
0.02726337733156015
0.07690091040802896
0.053314332912798995
0.048233826020592264
0.023109522766280248
0.001919341017095739
0.016426286616853636
0.29189327526584813
0.013675792631971325
0.010175054019599259
0.03478189790950443
0.04701608401667281
0.23055821346092312
0.2933289179458299
0.0005495835109373586
0.2140380459262408
0.20263465526161836
0.005289934603369614
0.04968474327116498
0.37708035345181357
0.012786223975118905
0.06655161364705452
0.1619582407516034
0.029638649841587345
0.06887687931219509
0.02788763161407973
0.025796717288507628
0.00026134905983988383
0.0010977366770613126
0.021721433487799882
0.058171399311179456
0.04482956803492111
0.09106569653232219
0.16095234985173218
0.18708216617561754
0.016106849530135248
0.026122327859759334
0.11695466613043168
Середнє здоров'я популяції: 0.0802411442370525
Кращий кажан: [0.9902339286054197, 0.98028550743942888]
Краще значення Фітнес-функції: 0.00010308931925325833
Евклідова відстань: 0.0220008492428

Ітерація: 300
Здоров'я кожного кажана в популяції: 
0.04283268792334359
0.03107743412910667
0.02726337733156015
0.022251622568675244
0.053314332912798995
0.048233826020592264
0.023109522766280248
0.001919341017095739
0.016426286616853636
0.015149681348587173
0.013675792631971325
0.010175054019599259
0.03410141372615113
0.04701608401667281
0.18333765601900573
0.2933289179458299
0.0005495835109373586
0.04564377718249859
0.20263465526161836
0.005289934603369614
0.04968474327116498
0.02675205292560237
0.0015980598024211052
0.06655161364705452
0.03691550925652631
0.013821054102072707
0.0050132599473486
0.02788763161407973
0.01477275043997059
0.00026134905983988383
0.0010977366770613126
0.021721433487799882
0.05343319148690942
0.04482956803492111
0.005670474634831489
0.03483602348084112
0.18708216617561754
0.016106849530135248
0.026122327859759334
0.09464483707564876
Середнє здоров'я популяції: 0.04615334035155384
Кращий кажан: [0.9902339286054197, 0.98028550743942888]
Краще значення Фітнес-функції: 0.00010308931925325833
Евклідова відстань: 0.0220008492428
